1 109817192 109821511
1 109817192 109821511
1 109817590 109821511
1 109818530 109821511
1 109818530 109821511
1 109821511 109822166
1 114445880 114448389
1 154395946 154397416
1 154395946 154422067
6 161005610 161010118
6 161005610 161010118
6 161005610 161010118
6 32575524 32592796
9 22081850 22100176
9 22081850 22103813
9 22084310 22100176
9 22088094 22100176
9 22088094 22100176
9 22088094 22103813
9 22088094 22103813
9 22088260 22100176
9 22088260 22100176
9 22088260 22103813
9 22088260 22103813
9 22096055 22100176
9 22096055 22100176
9 22096055 22103813
9 22096055 22103813
9 22098574 22100176
9 22098574 22100176
9 22098574 22103813
9 22098574 22103813
9 22098619 22100176
9 22098619 22100176
9 22098619 22103813
9 22098619 22103813
9 22084310 22103813
9 22103813 22115286
9 22103813 22115959
9 22100176 22115286
9 22115286 22119195
9 22100176 22115959
9 22115959 22119195
9 22100176 22124477
9 22103813 22124477
9 22119195 22124477
11 100593538 100610546
12 111833788 111884608
12 111833788 111884608
12 111833788 111932800
12 111833788 111932800
12 111884608 111907431
12 111884608 111932800
12 111884608 111932800
12 111884608 111932800
12 111884608 111932800
12 111884608 111932800
12 111884608 111932800
12 111884608 111932800
12 111884608 111932800
12 111884608 112007756
12 111884608 112007756
12 111884608 112007756
12 111884608 112007756
12 111884608 112007756
12 111884608 112007756
12 111884608 112007756
12 111884608 112007756
12 111907431 111932800
12 111884608 111910219
12 111884608 111910219
12 111910219 111932800
12 111910219 111932800
12 111884608 111973358
12 111884608 111973358
12 111932800 111973358
12 111932800 111973358
12 111973358 112059557
12 111973358 112059557
12 111932800 112007756
12 111932800 112007756
12 111932800 112007756
12 111932800 112007756
12 111932800 112007756
12 111932800 112007756
12 111932800 112007756
12 111932800 112007756
12 111884608 112059557
12 111884608 112059557
12 111884608 112059557
12 111884608 112059557
12 111884608 112059557
12 111884608 112059557
12 111884608 112059557
12 111884608 112059557
12 111884608 112059557
12 111932800 112059557
12 111932800 112059557
12 111932800 112059557
12 111932800 112059557
12 112007756 112059557
12 112007756 112059557
12 112007756 112059557
12 112007756 112059557
12 112007756 112059557
12 112007756 112059557
12 112007756 112059557
12 112007756 112059557
12 112059557 112072424
12 112059557 112273499
12 112059557 112273499
12 112072424 112486818
12 112072424 112273499
12 112273499 112486818
12 112273499 112486818
12 112486818 112883476
12 112486818 112883476
12 112273499 112591686
12 112486818 112591686
12 112486818 112591686
12 112486818 112591686
12 112591686 112883476
15 78806023 78817929
15 78817929 78857939
15 78817929 78867482
15 78867482 78878541
15 78806023 78878541
15 78857939 78878541
15 78878541 78894339
15 78878541 78898723
15 78878541 78911181
15 78817929 78894339
15 78806023 78896129
15 78857939 78896129
15 78867482 78896129
15 78894339 78896129
15 78896129 78898723
15 78896129 78911181
15 91416550 91428197
15 91416550 91428290
19 11188153 11202306
19 11188153 11202306
19 11188247 11202306
19 18454825 18460956
19 45742094 45745607
